TD    ID    TJ    DF    DD    DB
3    4    1     0     2    2
==========================================================================
3    1    1     0     2    2
==========================================================================
6    2    1     0     5    5
==========================================================================
11    3    1     0     10    10
==========================================================================
17    5    1     0     16    16
==========================================================================
31    2003    1     0     30    30
==========================================================================
31    6    28     0     3    3
==========================================================================
32    2001    1     0     31    31
==========================================================================
32    11    29     0     3    3
==========================================================================
33    16    30     0     3    3
==========================================================================
34    2002    1     0     33    33
==========================================================================
35    2010    29     0     6    6
==========================================================================
35    34    33     0     2    2
==========================================================================
36    2000    1     0     35    35
==========================================================================
38    12    29     0     9    9
==========================================================================
39    2015    30     0     9    9
==========================================================================
40    2005    28     0     12    12
==========================================================================
41    2020    31     0     10    10
==========================================================================
42    15    29     0     13    13
==========================================================================
43    32    33     2     8    10
==========================================================================
44    2025    32     1     11    12
==========================================================================
44    2030    33     0     11    11
==========================================================================
45    25    31     1     13    14
==========================================================================
46    35    33     2     11    13
==========================================================================
46    17    30     0     16    16
==========================================================================
47    2004    1     0     46    46
==========================================================================
48    30    32     4     12    16
==========================================================================
49    39    45     0     4    4
==========================================================================
50    7    28     0     22    22
==========================================================================
51    2038    45     0     6    6
==========================================================================
51    27    32     1     18    19
==========================================================================
53    10    28     0     25    25
==========================================================================
54    44    52     0     2    2
==========================================================================
55    41    52     0     3    3
==========================================================================
55    22    31     1     23    24
==========================================================================
56    20    30     2     24    26
==========================================================================
58    2043    52     0     6    6
==========================================================================
58    36    45     0     13    13
==========================================================================
60    23    31     0     29    29
==========================================================================
60    19    30     0     30    30
==========================================================================
62    46    59     0     3    3
==========================================================================
62    49    59     0     3    3
==========================================================================
65    2048    59     0     6    6
==========================================================================
68    2006    28     0     40    40
==========================================================================
68    54    66     0     2    2
==========================================================================
69    51    66     0     3    3
==========================================================================
70    60    70     0     70    0
==========================================================================
71    65    71     0     71    0
==========================================================================
71    29    32     0     39    39
==========================================================================
71    33    33     0     38    38
==========================================================================
71    37    45     0     26    26
==========================================================================
72    70    72     0     72    0
==========================================================================
72    57    70     0     2    2
==========================================================================
74    26    32     0     42    42
==========================================================================
74    47    59     0     15    15
==========================================================================
74    21    31     0     43    43
==========================================================================
75    31    33     0     42    42
==========================================================================
75    76    74     0     1    1
==========================================================================
76    81    75     0     1    1
==========================================================================
77    40    45     26     6    32
==========================================================================
77    86    76     0     1    1
==========================================================================
78    55    66     5     7    12
==========================================================================
78    45    52     19     7    26
==========================================================================
78    50    59     13     6    19
==========================================================================
79    71    73     0     6    6
==========================================================================
80    62    71     0     9    9
==========================================================================
80    101    79     0     1    1
==========================================================================
81    106    80     0     1    1
==========================================================================
83    125    83     0     83    0
==========================================================================
83    63    71     0     12    12
==========================================================================
83    67    72     0     11    11
==========================================================================
83    91    77     0     6    6
==========================================================================
84    121    83     0     1    1
==========================================================================
85    126    84     0     1    1
==========================================================================
89    2016    30     1     58    59
==========================================================================
90    160    90     0     90    0
==========================================================================
91    2007    28     0     63    63
==========================================================================
92    130    84     8     92    8
==========================================================================
92    136    86     0     6    6
==========================================================================
92    156    90     0     2    2
==========================================================================
92    131    85     0     7    7
==========================================================================
93    64    71     8     14    22
==========================================================================
94    100    78     16     94    16
==========================================================================
94    111    81     0     13    13
==========================================================================
94    151    89     0     5    5
==========================================================================
94    8    28     0     66    66
==========================================================================
96    66    72     0     24    24
==========================================================================
96    94    77     3     16    19
==========================================================================
96    99    78     2     16    18
==========================================================================
96    42    52     0     44    44
==========================================================================
97    2011    29     0     68    68
==========================================================================
97    13    29     0     68    68
==========================================================================
97    68    72     0     25    25
==========================================================================
98    9    28     0     70    70
==========================================================================
98    69    72     7     19    26
==========================================================================
98    77    74     1     23    24
==========================================================================
99    109    80     4     15    19
==========================================================================
99    84    75     7     17    24
==========================================================================
100    59    70     13     17    30
==========================================================================
100    92    77     2     21    23
==========================================================================
101    2013    29     1     71    72
==========================================================================
101    89    76     4     21    25
==========================================================================
101    73    73     1     27    28
==========================================================================
102    2014    29     1     72    73
==========================================================================
102    2009    28     0     74    74
==========================================================================
102    129    84     2     16    18
==========================================================================
102    74    73     6     23    29
==========================================================================
102    79    74     5     23    28
==========================================================================
102    119    82     2     18    20
==========================================================================
102    58    70     0     32    32
==========================================================================
102    18    30     0     72    72
==========================================================================
103    104    79     1     23    24
==========================================================================
103    139    86     3     14    17
==========================================================================
103    114    81     2     20    22
==========================================================================
103    88    76     1     26    27
==========================================================================
103    28    32     0     71    71
==========================================================================
104    149    88     3     13    16
==========================================================================
104    124    83     2     19    21
==========================================================================
104    24    31     0     73    73
==========================================================================
105    83    75     1     29    30
==========================================================================
105    144    87     3     15    18
==========================================================================
105    134    85     6     14    20
==========================================================================
105    154    89     3     13    16
==========================================================================
106    72    73     2     31    33
==========================================================================
106    159    90     10     6    16
==========================================================================
107    108    80     3     24    27
==========================================================================
108    38    45     60     3    63
==========================================================================
108    43    52     54     2    56
==========================================================================
108    48    59     47     2    49
==========================================================================
108    103    79     3     26    29
==========================================================================
108    97    78     2     28    30
==========================================================================
109    117    82     3     24    27
==========================================================================
109    98    78     2     29    31
==========================================================================
110    2012    29     2     79    81
==========================================================================
110    2017    30     1     79    80
==========================================================================
110    2018    30     1     79    80
==========================================================================
110    53    66     40     4    44
==========================================================================
110    112    81     3     26    29
==========================================================================
111    2026    32     7     72    79
==========================================================================
111    122    83     3     25    28
==========================================================================
111    113    81     3     27    30
==========================================================================
112    93    77     2     33    35
==========================================================================
112    107    80     3     29    32
==========================================================================
112    170    107     2     3    5
==========================================================================
112    180    109     0     3    3
==========================================================================
112    165    106     3     3    6
==========================================================================
112    123    83     3     26    29
==========================================================================
113    175    108     1     4    5
==========================================================================
114    185    110     0     4    4
==========================================================================
114    190    111     0     3    3
==========================================================================
114    195    112     0     2    2
==========================================================================
114    128    84     3     27    30
==========================================================================
115    2008    28     0     87    87
==========================================================================
115    87    76     1     38    39
==========================================================================
116    200    113     0     3    3
==========================================================================
116    205    114     0     2    2
==========================================================================
116    82    75     1     40    41
==========================================================================
116    14    29     0     87    87
==========================================================================
117    210    115     0     2    2
==========================================================================
117    146    88     0     29    29
==========================================================================
118    2023    31     2     85    87
==========================================================================
118    215    116     0     2    2
==========================================================================
118    141    87     0     31    31
==========================================================================
119    220    117     0     2    2
==========================================================================
119    116    82     0     37    37
==========================================================================
119    96    78     0     41    41
==========================================================================
120    147    88     6     26    32
==========================================================================
120    225    118     0     2    2
==========================================================================
120    61    71     0     49    49
==========================================================================
124    2028    32     3     89    92
==========================================================================
124    153    89     6     29    35
==========================================================================
125    118    82     3     40    43
==========================================================================
127    158    90     7     30    37
==========================================================================
128    78    74     1     53    54
==========================================================================
128    56    70     0     58    58
==========================================================================
129    52    66     0     63    63
==========================================================================
130    143    87     5     38    43
==========================================================================
131    127    84     3     44    47
==========================================================================
132    227    131     0     1    1
==========================================================================
133    226    131     0     2    2
==========================================================================
134    237    133     0     1    1
==========================================================================
134    230    131     0     3    3
==========================================================================
135    148    88     6     41    47
==========================================================================
136    137    86     5     45    50
==========================================================================
136    138    86     5     45    50
==========================================================================
136    235    132     0     4    4
==========================================================================
137    252    136     0     1    1
==========================================================================
137    133    85     12     40    52
==========================================================================
139    142    87     5     47    52
==========================================================================
140    236    133     0     7    7
==========================================================================
141    102    79     20     42    62
==========================================================================
142    285    142     0     142    0
==========================================================================
143    290    143     0     143    0
==========================================================================
143    231    132     0     11    11
==========================================================================
143    257    137     0     6    6
==========================================================================
144    295    144     0     144    0
==========================================================================
145    2027    32     3     110    113
==========================================================================
145    2029    32     3     110    113
==========================================================================
145    300    145     0     145    0
==========================================================================
146    305    146     0     146    0
==========================================================================
146    245    134     1     11    12
==========================================================================
147    310    147     0     147    0
==========================================================================
147    246    135     0     12    12
==========================================================================
147    255    136     1     10    11
==========================================================================
147    241    134     2     11    13
==========================================================================
148    315    148     0     148    0
==========================================================================
148    232    132     0     16    16
==========================================================================
148    260    137     1     10    11
==========================================================================
148    270    139     2     7    9
==========================================================================
149    320    149     0     149    0
==========================================================================
149    250    135     2     12    14
==========================================================================
149    275    140     2     7    9
==========================================================================
150    325    150     0     150    0
==========================================================================
150    266    139     2     9    11
==========================================================================
150    240    133     0     17    17
==========================================================================
150    251    136     1     13    14
==========================================================================
150    271    140     2     8    10
==========================================================================
150    265    138     2     10    12
==========================================================================
151    2021    31     2     118    120
==========================================================================
151    280    141     2     8    10
==========================================================================
151    256    137     1     13    14
==========================================================================
151    261    138     7     6    13
==========================================================================
151    276    141     2     8    10
==========================================================================
152    166    107     4     41    45
==========================================================================
153    169    107     5     41    46
==========================================================================
154    171    108     5     41    46
==========================================================================
154    191    112     6     36    42
==========================================================================
155    2064    71     1     83    84
==========================================================================
156    288    143     9     4    13
==========================================================================
156    293    144     8     4    12
==========================================================================
156    298    145     7     4    11
==========================================================================
156    173    108     5     43    48
==========================================================================
157    176    109     5     43    48
==========================================================================
157    177    109     5     43    48
==========================================================================
157    179    109     5     43    48
==========================================================================
157    303    146     6     5    11
==========================================================================
157    308    147     5     5    10
==========================================================================
157    313    148     4     5    9
==========================================================================
157    198    113     6     38    44
==========================================================================
158    318    149     3     6    9
==========================================================================
158    323    150     2     6    8
==========================================================================
158    283    142     12     4    16
==========================================================================
159    157    90     14     55    69
==========================================================================
160    181    110     5     45    50
==========================================================================
160    211    116     8     36    44
==========================================================================
161    162    106     4     51    55
==========================================================================
161    161    106     4     51    55
==========================================================================
162    328    160     0     2    2
==========================================================================
163    218    117     9     37    46
==========================================================================
164    333    161     0     3    3
==========================================================================
165    338    162     0     3    3
==========================================================================
165    187    111     6     48    54
==========================================================================
167    348    164     0     3    3
==========================================================================
167    343    163     0     4    4
==========================================================================
167    167    107     4     56    60
==========================================================================
168    365    167     0     1    1
==========================================================================
168    242    134     0     34    34
==========================================================================
168    247    135     0     33    33
==========================================================================
169    358    166     0     3    3
==========================================================================
169    357    166     0     3    3
==========================================================================
169    353    165     0     4    4
==========================================================================
170    2111    81     50     39    89
==========================================================================
170    363    167     0     3    3
==========================================================================
170    201    114     7     49    56
==========================================================================
171    203    114     7     50    57
==========================================================================
172    2109    80     7     85    92
==========================================================================
172    174    108     5     59    64
==========================================================================
173    212    116     8     49    57
==========================================================================
173    355    165     0     8    8
==========================================================================
173    178    109     5     59    64
==========================================================================
174    360    166     0     8    8
==========================================================================
175    184    110     6     59    65
==========================================================================
175    214    116     8     51    59
==========================================================================
175    172    108     5     62    67
==========================================================================
176    2022    31     2     143    145
==========================================================================
176    163    106     4     66    70
==========================================================================
176    206    115     7     54    61
==========================================================================
177    370    176     0     1    1
==========================================================================
177    326    160     0     17    17
==========================================================================
178    375    177     0     1    1
==========================================================================
178    346    164     7     7    14
==========================================================================
178    216    117     9     52    61
==========================================================================
179    356    166     5     8    13
==========================================================================
179    361    167     4     8    12
==========================================================================
179    217    117     9     53    62
==========================================================================
179    186    111     6     62    68
==========================================================================
179    188    111     6     62    68
==========================================================================
180    2193    112     48     20    68
==========================================================================
180    385    179     0     1    1
==========================================================================
180    331    161     9     10    19
==========================================================================
180    189    111     6     63    69
==========================================================================
180    262    138     0     42    42
==========================================================================
181    2036    45     8     128    136
==========================================================================
181    341    163     8     10    18
==========================================================================
181    351    165     6     10    16
==========================================================================
182    196    113     6     63    69
==========================================================================
182    336    162     10     10    20
==========================================================================
182    395    181     0     1    1
==========================================================================
182    193    112     17     53    70
==========================================================================
182    194    112     7     63    70
==========================================================================
183    400    182     0     1    1
==========================================================================
183    367    176     1     6    7
==========================================================================
183    197    113     6     64    70
==========================================================================
184    372    177     1     6    7
==========================================================================
184    152    89     6     89    95
==========================================================================
185    132    85     4     96    100
==========================================================================
185    244    134     10     41    51
==========================================================================
186    342    163     21     2    23
==========================================================================
186    377    178     1     7    8
==========================================================================
186    213    116     8     62    70
==========================================================================
186    272    140     0     46    46
==========================================================================
186    267    139     0     47    47
==========================================================================
186    277    141     0     45    45
==========================================================================
187    387    180     1     6    7
==========================================================================
187    183    110     6     71    77
==========================================================================
188    382    179     1     8    9
==========================================================================
188    397    182     1     5    6
==========================================================================
188    327    160     0     28    28
==========================================================================
188    392    181     1     6    7
==========================================================================
192    223    118     10     64    74
==========================================================================
194    393    181     8     5    13
==========================================================================
194    398    182     7     5    12
==========================================================================
194    368    176     12     6    18
==========================================================================
195    378    178     10     7    17
==========================================================================
196    373    177     11     8    19
==========================================================================
196    204    114     7     75    82
==========================================================================
197    243    134     10     53    63
==========================================================================
197    383    179     10     8    18
==========================================================================
197    388    180     9     8    17
==========================================================================
197    208    115     19     63    82
==========================================================================
198    2057    70     11     117    128
==========================================================================
198    402    197     0     1    1
==========================================================================
198    248    135     10     53    63
==========================================================================
199    182    110     25     64    89
==========================================================================
200    2033    33     3     164    167
==========================================================================
200    2129    84     5     111    116
==========================================================================
200    362    167     1     32    33
==========================================================================
200    352    165     0     35    35
==========================================================================
200    350    164     0     36    36
==========================================================================
200    347    164     11     25    36
==========================================================================
201    289    143     15     43    58
==========================================================================
201    380    178     0     23    23
==========================================================================
201    390    180     0     21    21
==========================================================================
201    345    163     0     38    38
==========================================================================
201    340    162     0     39    39
==========================================================================
201    337    162     0     39    39
==========================================================================
202    314    148     11     43    54
==========================================================================
202    284    142     16     44    60
==========================================================================
202    335    161     0     41    41
==========================================================================
202    332    161     25     16    41
==========================================================================
203    299    145     14     44    58
==========================================================================
203    319    149     10     44    54
==========================================================================
204    2024    31     2     171    173
==========================================================================
204    164    106     11     87    98
==========================================================================
204    304    146     13     45    58
==========================================================================
204    309    147     12     45    57
==========================================================================
204    324    150     9     45    54
==========================================================================
204    330    160     0     44    44
==========================================================================
205    294    144     51     10    61
==========================================================================
207    403    197     8     2    10
==========================================================================
208    168    107     12     89    101
==========================================================================
208    221    118     10     80    90
==========================================================================
210    192    112     6     92    98
==========================================================================
211    441    209     0     2    2
==========================================================================
212    2035    45     2     165    167
==========================================================================
212    2152    89     87     36    123
==========================================================================
212    446    210     0     2    2
==========================================================================
212    453    211     0     1    1
==========================================================================
212    209    115     8     89    97
==========================================================================
213    254    136     11     66    77
==========================================================================
213    456    212     0     1    1
==========================================================================
214    451    211     0     3    3
==========================================================================
214    258    137     10     67    77
==========================================================================
215    461    213     0     2    2
==========================================================================
215    468    214     0     1    1
==========================================================================
215    316    149     14     52    66
==========================================================================
216    431    207     0     9    9
==========================================================================
216    466    214     0     2    2
==========================================================================
216    219    117     20     79    99
==========================================================================
216    249    135     24     57    81
==========================================================================
217    207    115     7     95    102
==========================================================================
218    222    118     10     90    100
==========================================================================
218    224    118     10     90    100
==========================================================================
218    442    209     0     9    9
==========================================================================
218    269    139     11     68    79
==========================================================================
220    419    204     0     16    16
==========================================================================
220    279    141     11     68    79
==========================================================================
221    447    210     6     5    11
==========================================================================
221    452    211     5     5    10
==========================================================================
221    411    203     17     1    18
==========================================================================
221    229    131     10     80    90
==========================================================================
221    233    132     10     79    89
==========================================================================
222    2218    117     15     90    105
==========================================================================
222    2216    117     15     90    105
==========================================================================
222    475    222     0     222    0
==========================================================================
222    462    213     4     5    9
==========================================================================
222    467    214     3     5    8
==========================================================================
223    480    223     0     223    0
==========================================================================
224    2032    33     3     188    191
==========================================================================
224    485    224     0     224    0
==========================================================================
224    457    212     7     5    12
==========================================================================
225    490    225     0     225    0
==========================================================================
226    2174    108     23     95    118
==========================================================================
226    439    208     0     18    18
==========================================================================
227    264    138     25     64    89
==========================================================================
229    496    227     0     2    2
==========================================================================
229    459    212     11     6    17
==========================================================================
229    464    213     11     5    16
==========================================================================
229    469    214     10     5    15
==========================================================================
230    454    211     12     7    19
==========================================================================
230    444    209     13     8    21
==========================================================================
231    274    140     11     80    91
==========================================================================
231    278    141     11     79    90
==========================================================================
232    449    210     13     9    22
==========================================================================
233    199    113     18     102    120
==========================================================================
233    286    143     12     78    90
==========================================================================
234    239    133     10     91    101
==========================================================================
234    483    224     0     10    10
==========================================================================
234    282    142     12     80    92
==========================================================================
234    234    132     10     92    102
==========================================================================
234    399    182     12     40    52
==========================================================================
235    296    145     12     78    90
==========================================================================
235    202    114     7     114    121
==========================================================================
235    292    144     12     79    91
==========================================================================
236    2204    114     84     38    122
==========================================================================
236    301    146     12     78    90
==========================================================================
236    302    146     27     63    90
==========================================================================
236    329    160     13     63    76
==========================================================================
236    306    147     13     76    89
==========================================================================
236    484    224     7     5    12
==========================================================================
236    489    225     6     5    11
==========================================================================
236    494    226     6     4    10
==========================================================================
236    228    131     10     95    105
==========================================================================
236    297    145     27     64    91
==========================================================================
237    311    148     13     76    89
==========================================================================
237    436    208     0     29    29
==========================================================================
237    312    148     13     76    89
==========================================================================
237    474    222     8     7    15
==========================================================================
237    479    223     8     6    14
==========================================================================
237    238    133     10     94    104
==========================================================================
238    499    227     5     6    11
==========================================================================
238    369    176     12     50    62
==========================================================================
238    339    162     14     62    76
==========================================================================
238    259    137     39     62    101
==========================================================================
239    429    206     0     33    33
==========================================================================
239    374    177     12     50    62
==========================================================================
240    317    149     14     77    91
==========================================================================
240    406    202     19     19    38
==========================================================================
240    349    164     13     63    76
==========================================================================
241    379    178     12     51    63
==========================================================================
241    408    202     3     36    39
==========================================================================
241    413    203     3     35    38
==========================================================================
241    418    204     2     35    37
==========================================================================
241    322    150     14     77    91
==========================================================================
242    428    206     1     35    36
==========================================================================
242    423    205     2     35    37
==========================================================================
242    438    208     29     5    34
==========================================================================
242    433    207     1     34    35
==========================================================================
242    268    139     11     92    103
==========================================================================
242    404    197     0     45    45
==========================================================================
242    443    209     0     33    33
==========================================================================
243    386    180     12     51    63
==========================================================================
243    359    166     13     64    77
==========================================================================
244    389    180     12     52    64
==========================================================================
244    364    167     13     64    77
==========================================================================
245    287    143     12     90    102
==========================================================================
246    291    144     12     90    102
==========================================================================
247    307    147     13     87    100
==========================================================================
247    424    205     0     42    42
==========================================================================
248    334    161     14     73    87
==========================================================================
248    366    176     25     47    72
==========================================================================
249    371    177     12     60    72
==========================================================================
250    354    165     13     72    85
==========================================================================
250    376    178     12     60    72
==========================================================================
250    498    227     0     23    23
==========================================================================
251    409    202     0     49    49
==========================================================================
251    416    204     0     47    47
==========================================================================
251    463    213     0     38    38
==========================================================================
251    458    212     0     39    39
==========================================================================
251    448    210     0     41    41
==========================================================================
251    493    226     0     25    25
==========================================================================
252    394    181     12     59    71
==========================================================================
253    391    181     12     60    72
==========================================================================
253    414    203     0     50    50
==========================================================================
254    488    225     0     29    29
==========================================================================
255    344    163     13     79    92
==========================================================================
256    321    150     14     92    106
==========================================================================
257    2031    33     3     221    224
==========================================================================
257    384    179     12     66    78
==========================================================================
257    263    138     10     109    119
==========================================================================
257    415    203     12     42    54
==========================================================================
257    421    205     0     52    52
==========================================================================
258    396    182     38     38    76
==========================================================================
258    273    140     26     92    118
==========================================================================
259    477    223     11     25    36
==========================================================================
260    281    142     26     92    118
==========================================================================
261    401    197     13     51    64
==========================================================================
262    2034    33     8     221    229
==========================================================================
262    492    226     12     24    36
==========================================================================
263    430    206     12     45    57
==========================================================================
263    437    208     12     43    55
==========================================================================
263    432    207     11     45    56
==========================================================================
264    412    203     12     49    61
==========================================================================
265    465    213     11     41    52
==========================================================================
265    253    136     24     105    129
==========================================================================
265    482    224     11     30    41
==========================================================================
265    407    202     12     51    63
==========================================================================
266    470    214     11     41    52
==========================================================================
267    381    179     12     76    88
==========================================================================
268    445    209     23     36    59
==========================================================================
268    472    222     11     35    46
==========================================================================
268    460    212     35     21    56
==========================================================================
268    410    202     12     54    66
==========================================================================
269    497    227     12     30    42
==========================================================================
269    420    204     12     53    65
==========================================================================
269    417    204     12     53    65
==========================================================================
270    2051    66     6     198    204
==========================================================================
270    450    210     12     48    60
==========================================================================
270    425    205     12     53    65
==========================================================================
271    2054    66     6     199    205
==========================================================================
271    2126    84     3     184    187
==========================================================================
271    505    268     0     3    3
==========================================================================
271    427    206     23     42    65
==========================================================================
272    405    197     13     62    75
==========================================================================
273    510    269     0     4    4
==========================================================================
273    440    208     12     53    65
==========================================================================
274    2397    182     0     92    92
==========================================================================
274    455    211     12     51    63
==========================================================================
274    491    226     3     45    48
==========================================================================
275    520    271     0     4    4
==========================================================================
275    426    206     0     69    69
==========================================================================
275    434    207     0     68    68
==========================================================================
275    486    225     7     43    50
==========================================================================
275    481    224     10     41    51
==========================================================================
275    478    223     0     52    52
==========================================================================
275    473    222     0     53    53
==========================================================================
275    476    223     14     38    52
==========================================================================
276    530    273     0     3    3
==========================================================================
276    515    270     0     6    6
==========================================================================
277    525    272     0     5    5
==========================================================================
277    535    274     0     3    3
==========================================================================
278    435    207     11     60    71
==========================================================================
278    471    222     17     39    56
==========================================================================
279    487    225     12     42    54
==========================================================================
280    422    205     23     52    75
==========================================================================
281    504    268     2     11    13
==========================================================================
283    2019    30     4     249    253
==========================================================================
283    503    268     2     13    15
==========================================================================
285    549    283     0     2    2
==========================================================================
286    547    283     0     3    3
==========================================================================
286    554    284     0     2    2
==========================================================================
286    509    269     2     15    17
==========================================================================
287    559    285     0     2    2
==========================================================================
287    564    286     0     1    1
==========================================================================
289    507    269     1     19    20
==========================================================================
289    506    269     0     20    20
==========================================================================
290    516    271     0     19    19
==========================================================================
290    521    272     0     18    18
==========================================================================
291    526    273     0     18    18
==========================================================================
291    531    274     0     17    17
==========================================================================
291    511    270     0     21    21
==========================================================================
293    524    272     3     18    21
==========================================================================
294    517    271     2     21    23
==========================================================================
294    518    271     2     21    23
==========================================================================
294    514    270     2     22    24
==========================================================================
294    501    268     0     26    26
==========================================================================
296    539    281     0     15    15
==========================================================================
296    537    281     0     15    15
==========================================================================
298    523    272     3     23    26
==========================================================================
300    536    281     2     17    19
==========================================================================
302    566    299     0     3    3
==========================================================================
303    529    273     8     22    30
==========================================================================
303    528    273     3     27    30
==========================================================================
304    502    268     4     32    36
==========================================================================
304    527    273     3     28    31
==========================================================================
304    522    272     7     25    32
==========================================================================
305    534    274     4     27    31
==========================================================================
305    508    269     9     27    36
==========================================================================
306    538    281     2     23    25
==========================================================================
306    576    301     0     5    5
==========================================================================
306    551    284     4     18    22
==========================================================================
307    571    300     0     7    7
==========================================================================
307    519    271     2     34    36
==========================================================================
308    2096    78     37     193    230
==========================================================================
308    581    302     0     6    6
==========================================================================
308    585    302     0     6    6
==========================================================================
308    541    282     3     23    26
==========================================================================
309    546    283     9     17    26
==========================================================================
309    586    303     0     6    6
==========================================================================
309    543    282     3     24    27
==========================================================================
309    512    270     1     38    39
==========================================================================
310    2037    45     3     262    265
==========================================================================
310    591    304     2     4    6
==========================================================================
310    533    274     4     32    36
==========================================================================
311    558    285     5     21    26
==========================================================================
311    532    274     4     33    37
==========================================================================
312    561    286     5     21    26
==========================================================================
313    597    311     0     2    2
==========================================================================
313    563    286     5     22    27
==========================================================================
313    544    282     0     31    31
==========================================================================
315    550    283     4     28    32
==========================================================================
315    545    282     3     30    33
==========================================================================
316    599    311     0     5    5
==========================================================================
316    565    286     5     25    30
==========================================================================
316    555    284     10     22    32
==========================================================================
317    604    312     0     5    5
==========================================================================
317    560    285     5     27    32
==========================================================================
318    614    314     0     4    4
==========================================================================
318    609    313     0     5    5
==========================================================================
318    548    283     4     31    35
==========================================================================
319    2211    116     25     178    203
==========================================================================
319    553    284     4     31    35
==========================================================================
319    567    299     4     16    20
==========================================================================
319    619    315     1     3    4
==========================================================================
319    540    281     8     30    38
==========================================================================
320    556    285     14     21    35
==========================================================================
320    577    301     4     15    19
==========================================================================
321    624    316     2     3    5
==========================================================================
321    629    317     2     2    4
==========================================================================
321    513    270     5     46    51
==========================================================================
322    2321    150     0     172    172
==========================================================================
322    587    303     3     16    19
==========================================================================
322    542    282     0     40    40
==========================================================================
323    2041    52     5     266    271
==========================================================================
323    592    304     3     16    19
==========================================================================
323    572    300     4     19    23
==========================================================================
325    610    313     2     10    12
==========================================================================
326    2597    311     1     14    15
==========================================================================
326    598    311     0     15    15
==========================================================================
326    603    312     9     5    14
==========================================================================
326    582    302     11     13    24
==========================================================================
326    557    285     0     41    41
==========================================================================
326    562    286     0     40    40
==========================================================================
326    552    284     0     42    42
==========================================================================
327    608    313     11     3    14
==========================================================================
327    613    314     8     5    13
==========================================================================
327    600    311     3     13    16
==========================================================================
328    618    315     7     6    13
==========================================================================
328    633    323     0     5    5
==========================================================================
328    584    302     7     19    26
==========================================================================
330    2222    118     0     212    212
==========================================================================
331    630    317     2     12    14
==========================================================================
331    574    300     29     2    31
==========================================================================
331    639    324     4     3    7
==========================================================================
332    605    312     5     15    20
==========================================================================
332    634    323     5     4    9
==========================================================================
332    644    325     3     4    7
==========================================================================
332    620    315     2     15    17
==========================================================================
333    635    323     1     9    10
==========================================================================
333    649    326     2     5    7
==========================================================================
334    640    324     1     9    10
==========================================================================
334    654    327     3     4    7
==========================================================================
334    625    316     2     16    18
==========================================================================
334    594    304     1     29    30
==========================================================================
334    590    303     0     31    31
==========================================================================
334    595    304     0     30    30
==========================================================================
334    589    303     5     26    31
==========================================================================
335    650    326     1     8    9
==========================================================================
335    631    323     1     11    12
==========================================================================
335    645    325     1     9    10
==========================================================================
336    660    333     0     3    3
==========================================================================
336    655    327     1     8    9
==========================================================================
336    651    327     1     8    9
==========================================================================
337    641    325     1     11    12
==========================================================================
337    665    334     0     3    3
==========================================================================
337    646    326     1     10    11
==========================================================================
337    579    301     0     36    36
==========================================================================
337    628    317     0     20    20
==========================================================================
337    627    317     0     20    20
==========================================================================
337    623    316     0     21    21
==========================================================================
337    622    316     0     21    21
==========================================================================
337    626    317     2     18    20
==========================================================================
337    621    316     4     17    21
==========================================================================
337    617    315     0     22    22
==========================================================================
337    612    314     0     23    23
==========================================================================
338    615    314     2     22    24
==========================================================================
339    2502    268     60     11    71
==========================================================================
339    636    324     1     14    15
==========================================================================
340    670    335     0     5    5
==========================================================================
340    683    338     0     2    2
==========================================================================
340    680    337     0     3    3
==========================================================================
340    662    334     1     5    6
==========================================================================
341    685    338     0     3    3
==========================================================================
341    678    337     0     4    4
==========================================================================
341    675    336     0     5    5
==========================================================================
341    672    336     1     4    5
==========================================================================
342    682    338     0     4    4
==========================================================================
342    667    335     1     6    7
==========================================================================
343    677    337     1     5    6
==========================================================================
343    657    333     1     9    10
==========================================================================
344    596    311     0     33    33
==========================================================================
344    607    313     0     31    31
==========================================================================
345    661    334     0     11    11
==========================================================================
345    606    313     19     13    32
==========================================================================
345    663    334     0     11    11
==========================================================================
345    601    312     20     13    33
==========================================================================
345    611    314     19     12    31
==========================================================================
345    638    324     0     21    21
==========================================================================
345    643    325     0     20    20
==========================================================================
346    616    315     25     6    31
==========================================================================
346    648    326     0     20    20
==========================================================================
346    602    312     0     34    34
==========================================================================
346    653    327     0     19    19
==========================================================================
347    656    333     0     14    14
==========================================================================
348    575    300     0     48    48
==========================================================================
348    580    301     0     47    47
==========================================================================
349    570    299     0     50    50
==========================================================================
351    2039    45     3     303    306
==========================================================================
351    569    299     31     21    52
==========================================================================
352    690    349     0     3    3
==========================================================================
353    688    349     0     4    4
==========================================================================
353    694    350     0     3    3
==========================================================================
353    689    349     0     4    4
==========================================================================
354    695    350     0     4    4
==========================================================================
354    700    351     0     3    3
==========================================================================
354    699    351     0     3    3
==========================================================================
355    705    352     0     3    3
==========================================================================
355    704    352     0     3    3
==========================================================================
357    686    349     0     8    8
==========================================================================
357    687    349     0     8    8
==========================================================================
357    681    338     0     19    19
==========================================================================
358    707    358     0     358    0
==========================================================================
358    671    336     0     22    22
==========================================================================
359    2102    79     4     276    280
==========================================================================
359    712    359     0     359    0
==========================================================================
359    691    350     4     5    9
==========================================================================
359    696    351     4     4    8
==========================================================================
359    697    351     4     4    8
==========================================================================
359    668    335     0     24    24
==========================================================================
360    717    360     0     360    0
==========================================================================
360    693    350     0     10    10
==========================================================================
360    692    350     4     6    10
==========================================================================
361    722    361     0     361    0
==========================================================================
361    709    358     0     3    3
==========================================================================
361    701    352     3     6    9
==========================================================================
361    702    352     5     4    9
==========================================================================
361    703    352     0     9    9
==========================================================================
362    2040    52     5     305    310
==========================================================================
362    706    358     0     4    4
==========================================================================
363    2042    52     5     306    311
==========================================================================
363    2134    85     88     190    278
==========================================================================
363    711    359     0     4    4
==========================================================================
363    714    359     0     4    4
==========================================================================
363    728    362     0     1    1
==========================================================================
363    723    361     0     2    2
==========================================================================
364    2188    111     91     162    253
==========================================================================
364    698    351     0     13    13
==========================================================================
364    658    333     0     31    31
==========================================================================
364    666    335     0     29    29
==========================================================================
364    715    359     2     3    5
==========================================================================
365    2094    77     4     284    288
==========================================================================
365    2084    75     2     288    290
==========================================================================
365    718    360     0     5    5
==========================================================================
365    673    336     0     29    29
==========================================================================
366    716    360     0     6    6
==========================================================================
366    708    358     0     8    8
==========================================================================
366    720    360     1     5    6
==========================================================================
367    725    361     1     5    6
==========================================================================
367    730    362     0     5    5
==========================================================================
368    724    361     2     5    7
==========================================================================
368    719    360     2     6    8
==========================================================================
368    713    359     0     9    9
==========================================================================
369    731    367     0     2    2
==========================================================================
370    2186    111     128     131    259
==========================================================================
370    726    362     2     6    8
==========================================================================
370    729    362     1     7    8
==========================================================================
371    736    368     0     3    3
==========================================================================
372    757    372     0     372    0
==========================================================================
372    741    369     0     3    3
==========================================================================
372    676    337     0     35    35
==========================================================================
373    710    358     2     13    15
==========================================================================
373    751    371     0     2    2
==========================================================================
373    760    372     0     1    1
==========================================================================
374    664    334     12     28    40
==========================================================================
374    746    370     0     4    4
==========================================================================
375    674    336     10     29    39
==========================================================================
375    679    337     9     29    38
==========================================================================
375    765    373     0     2    2
==========================================================================
375    659    333     13     29    42
==========================================================================
376    669    335     11     30    41
==========================================================================
376    684    338     9     29    38
==========================================================================
376    770    374     0     2    2
==========================================================================
377    772    375     2     377    2
==========================================================================
377    775    375     0     2    2
==========================================================================
380    573    300     10     70    80
==========================================================================
380    578    301     75     4    79
==========================================================================
380    568    299     0     81    81
==========================================================================
381    2147    88     87     206    293
==========================================================================
381    733    367     0     14    14
==========================================================================
381    583    302     74     5    79
==========================================================================
381    588    303     73     5    78
==========================================================================
381    721    361     0     20    20
==========================================================================
382    2161    106     25     251    276
==========================================================================
382    780    381     0     1    1
==========================================================================
383    776    381     0     2    2
==========================================================================
384    732    367     0     17    17
==========================================================================
384    745    369     1     14    15
==========================================================================
384    740    368     1     15    16
==========================================================================
385    781    382     0     3    3
==========================================================================
385    786    383     0     2    2
==========================================================================
385    593    304     75     6    81
==========================================================================
386    735    367     0     19    19
==========================================================================
386    791    384     0     2    2
==========================================================================
386    734    367     0     19    19
==========================================================================
388    2163    106     35     247    282
==========================================================================
388    637    324     62     2    64
==========================================================================
388    642    325     61     2    63
==========================================================================
388    749    370     1     17    18
==========================================================================
389    652    327     59     3    62
==========================================================================
389    632    323     62     4    66
==========================================================================
389    647    326     60     3    63
==========================================================================
389    747    370     1     18    19
==========================================================================
390    750    370     1     19    20
==========================================================================
391    739    368     2     21    23
==========================================================================
393    2184    110     104     179    283
==========================================================================
393    798    391     0     2    2
==========================================================================
393    737    368     0     25    25
==========================================================================
394    2141    87     0     307    307
==========================================================================
394    759    372     2     20    22
==========================================================================
395    803    392     0     3    3
==========================================================================
395    744    369     1     25    26
==========================================================================
396    754    371     1     24    25
==========================================================================
396    761    373     3     20    23
==========================================================================
397    808    393     0     4    4
==========================================================================
397    771    375     4     18    22
==========================================================================
397    755    371     5     21    26
==========================================================================
398    813    394     0     4    4
==========================================================================
398    742    369     2     27    29
==========================================================================
399    756    372     2     25    27
==========================================================================
==========================================================================
BATTLE RESULT:  DRAW!
==========================================================================
Total Earth Army Units (Destructed & Alive)
ES ET EG
339 191 240
% Healed to Total Earth Units: 0.142857
Percentage Of Destructed Earth Units Relative To Their Total Specific Unit: ES ET EG
90.2655 94.2408 100 
% Of TOTAL Destructed Earth Units relative to their TOTAL: 94.2857
Earth Average for DF, DB, DD (respectively): 5.65978 31.7204 26.0606
Earth DF/DB % 17.8427
Earth DD/DB % 82.1573
==========================================================================
==========================================================================
Total Alien Army Units (Destructed & Alive)
AS AM AD
306 136 215
Percentage Of Destructed Alien Units Relative To Their Total Specific Unit: AS AM AD
10.7843 27.2059 3.25581 
% Of TOTAL Destructed Alien Units relative to their TOTAL: 10
Alien Average for DF, DB, DD (respectively): 14.7532 137.818 123.065
Alien DF/DB % 10.7049
Alien DD/DB % 89.2951
