TD    ID    TJ    DF    DD    DB
4    2001    1     0     3    3
==========================================================================
4    2000    1     0     3    3
==========================================================================
6    2002    1     0     5    5
==========================================================================
6    3    1     2     3    5
==========================================================================
7    7    4     0     3    3
==========================================================================
8    2006    4     0     4    4
==========================================================================
9    2009    5     0     4    4
==========================================================================
9    2003    3     0     6    6
==========================================================================
9    2010    5     0     4    4
==========================================================================
10    19    8     0     2    2
==========================================================================
11    2012    6     0     5    5
==========================================================================
12    2015    7     0     5    5
==========================================================================
14    2018    8     1     5    6
==========================================================================
14    2025    10     0     4    4
==========================================================================
14    31    12     0     2    2
==========================================================================
15    2021    9     0     6    6
==========================================================================
16    2024    10     0     6    6
==========================================================================
16    2027    11     0     5    5
==========================================================================
17    2030    12     0     5    5
==========================================================================
17    10    5     0     12    12
==========================================================================
17    12    5     0     12    12
==========================================================================
19    2033    13     1     5    6
==========================================================================
19    2040    15     0     4    4
==========================================================================
19    16    7     0     12    12
==========================================================================
19    13    6     0     13    13
==========================================================================
20    2036    14     1     5    6
==========================================================================
20    5    3     0     17    17
==========================================================================
20    49    18     0     2    2
==========================================================================
21    2039    15     1     5    6
==========================================================================
21    55    20     0     1    1
==========================================================================
21    25    10     0     11    11
==========================================================================
21    22    9     0     12    12
==========================================================================
21    27    10     0     11    11
==========================================================================
21    4    3     0     18    18
==========================================================================
22    2042    16     1     5    6
==========================================================================
22    2045    17     0     5    5
==========================================================================
22    57    20     0     2    2
==========================================================================
22    28    11     0     11    11
==========================================================================
23    2048    18     0     5    5
==========================================================================
24    2055    20     0     4    4
==========================================================================
25    64    23     0     2    2
==========================================================================
26    2051    19     1     6    7
==========================================================================
26    2054    20     1     5    6
==========================================================================
26    11    5     0     21    21
==========================================================================
26    6    3     0     23    23
==========================================================================
26    34    13     0     13    13
==========================================================================
27    40    15     0     12    12
==========================================================================
28    2057    21     1     6    7
==========================================================================
28    42    15     0     13    13
==========================================================================
28    37    14     0     14    14
==========================================================================
29    2060    22     1     6    7
==========================================================================
29    2063    23     0     6    6
==========================================================================
29    2    1     0     28    28
==========================================================================
29    43    16     0     13    13
==========================================================================
30    2066    24     0     6    6
==========================================================================
30    2070    25     0     5    5
==========================================================================
31    46    17     0     14    14
==========================================================================
32    2072    26     1     5    6
==========================================================================
32    2069    25     2     5    7
==========================================================================
32    9    4     1     27    28
==========================================================================
33    82    31     0     2    2
==========================================================================
34    14    6     0     28    28
==========================================================================
34    26    10     2     22    24
==========================================================================
35    85    32     0     3    3
==========================================================================
37    2075    27     3     7    10
==========================================================================
38    88    33     0     5    5
==========================================================================
38    58    21     0     17    17
==========================================================================
38    52    19     0     19    19
==========================================================================
39    91    34     0     5    5
==========================================================================
39    61    22     0     17    17
==========================================================================
41    2078    28     1     12    13
==========================================================================
41    108    39     0     2    2
==========================================================================
42    33    12     3     27    30
==========================================================================
43    2082    31     0     12    12
==========================================================================
43    97    36     0     7    7
==========================================================================
44    94    35     0     9    9
==========================================================================
44    44    16     4     24    28
==========================================================================
44    21    8     2     34    36
==========================================================================
44    70    25     0     19    19
==========================================================================
44    67    24     0     20    20
==========================================================================
44    72    25     0     19    19
==========================================================================
45    73    26     0     19    19
==========================================================================
46    76    27     0     19    19
==========================================================================
47    79    28     0     19    19
==========================================================================
48    103    38     2     8    10
==========================================================================
49    100    37     0     12    12
==========================================================================
51    112    41     1     9    10
==========================================================================
53    45    16     4     33    37
==========================================================================
54    147    52     0     2    2
==========================================================================
55    2005    3     0     52    52
==========================================================================
55    106    39     2     14    16
==========================================================================
57    2088    33     1     23    24
==========================================================================
57    2089    33     1     23    24
==========================================================================
57    2083    31     2     24    26
==========================================================================
58    17    7     1     50    51
==========================================================================
58    30    11     2     45    47
==========================================================================
60    121    44     1     15    16
==========================================================================
61    39    14     3     44    47
==========================================================================
61    18    7     1     53    54
==========================================================================
62    24    9     2     51    53
==========================================================================
62    118    43     1     18    19
==========================================================================
62    168    59     0     3    3
==========================================================================
63    32    12     3     48    51
==========================================================================
63    115    42     1     20    21
==========================================================================
63    63    22     5     36    41
==========================================================================
64    2172    61     0     3    3
==========================================================================
64    2004    3     0     61    61
==========================================================================
64    59    21     5     38    43
==========================================================================
64    60    21     5     38    43
==========================================================================
64    47    17     4     43    47
==========================================================================
64    109    40     2     22    24
==========================================================================
65    133    48     2     15    17
==========================================================================
66    124    45     1     20    21
==========================================================================
66    176    62     0     4    4
==========================================================================
66    35    13     3     50    53
==========================================================================
66    36    13     3     50    53
==========================================================================
67    2184    65     0     2    2
==========================================================================
67    139    50     2     15    17
==========================================================================
67    65    23     5     39    44
==========================================================================
68    2087    33     1     34    35
==========================================================================
68    8    4     3     61    64
==========================================================================
69    136    49     2     18    20
==========================================================================
69    50    18     4     47    51
==========================================================================
70    2193    68     0     2    2
==========================================================================
70    127    46     1     23    24
==========================================================================
70    29    11     2     57    59
==========================================================================
70    48    17     4     49    53
==========================================================================
71    159    56     0     15    15
==========================================================================
71    23    9     2     60    62
==========================================================================
72    145    52     2     18    20
==========================================================================
72    56    20     5     47    52
==========================================================================
72    20    8     2     62    64
==========================================================================
73    53    19     5     49    54
==========================================================================
73    142    51     2     20    22
==========================================================================
73    69    24     15     34    49
==========================================================================
74    2085    32     1     41    42
==========================================================================
74    2202    71     0     3    3
==========================================================================
74    154    55     6     13    19
==========================================================================
74    66    23     5     46    51
==========================================================================
75    166    59     3     13    16
==========================================================================
75    169    60     3     12    15
==========================================================================
75    209    73     0     2    2
==========================================================================
75    151    54     2     19    21
==========================================================================
75    87    32     0     43    43
==========================================================================
76    157    56     6     14    20
==========================================================================
76    160    57     3     16    19
==========================================================================
76    62    22     5     49    54
==========================================================================
77    2090    34     1     42    43
==========================================================================
77    2091    34     1     42    43
==========================================================================
77    130    47     4     26    30
==========================================================================
77    163    58     3     16    19
==========================================================================
78    2214    75     0     3    3
==========================================================================
78    38    14     3     61    64
==========================================================================
78    51    18     10     50    60
==========================================================================
78    15    6     2     70    72
==========================================================================
78    148    53     2     23    25
==========================================================================
79    41    15     3     61    64
==========================================================================
80    2098    36     2     42    44
==========================================================================
80    68    24     5     51    56
==========================================================================
81    2226    79     0     2    2
==========================================================================
81    2028    11     31     39    70
==========================================================================
82    75    26     24     32    56
==========================================================================
84    2235    82     0     2    2
==========================================================================
87    2244    85     0     2    2
==========================================================================
87    165    58     0     29    29
==========================================================================
87    179    63     0     24    24
==========================================================================
87    182    64     0     23    23
==========================================================================
87    188    66     0     21    21
==========================================================================
87    171    60     0     27    27
==========================================================================
87    191    67     0     20    20
==========================================================================
87    162    57     0     30    30
==========================================================================
88    54    19     5     64    69
==========================================================================
88    197    69     0     19    19
==========================================================================
88    200    70     0     18    18
==========================================================================
89    251    87     0     2    2
==========================================================================
89    156    55     0     34    34
==========================================================================
89    153    54     0     35    35
==========================================================================
90    2253    88     0     2    2
==========================================================================
90    212    74     0     16    16
==========================================================================
90    206    72     0     18    18
==========================================================================
91    78    27     18     46    64
==========================================================================
91    257    89     0     2    2
==========================================================================
92    221    77     0     15    15
==========================================================================
92    218    76     0     16    16
==========================================================================
94    2262    91     0     3    3
==========================================================================
94    144    51     0     43    43
==========================================================================
94    224    78     0     16    16
==========================================================================
95    2061    22     17     56    73
==========================================================================
96    141    50     0     46    46
==========================================================================
96    239    83     0     13    13
==========================================================================
97    242    84     0     13    13
==========================================================================
98    2266    95     0     3    3
==========================================================================
98    266    95     0     3    3
==========================================================================
98    230    80     0     18    18
==========================================================================
99    2007    4     0     95    95
==========================================================================
99    71    25     16     58    74
==========================================================================
99    248    86     0     13    13
==========================================================================
100    2097    36     2     62    64
==========================================================================
100    2081    31     0     69    69
==========================================================================
100    2026    10     32     58    90
==========================================================================
101    2269    99     0     2    2
==========================================================================
101    2074    26     18     57    75
==========================================================================
102    184    65     4     33    37
==========================================================================
102    185    65     4     33    37
==========================================================================
103    2029    11     33     59    92
==========================================================================
103    269    99     0     4    4
==========================================================================
103    260    90     0     13    13
==========================================================================
104    2080    28     3     73    76
==========================================================================
104    233    81     0     23    23
==========================================================================
105    2272    102     0     3    3
==========================================================================
105    272    102     0     3    3
==========================================================================
105    150    53     0     52    52
==========================================================================
107    135    48     0     59    59
==========================================================================
108    2275    106     0     2    2
==========================================================================
108    2017    7     27     74    101
==========================================================================
109    2038    14     19     76    95
==========================================================================
109    2016    7     25     77    102
==========================================================================
109    265    95     0     14    14
==========================================================================
109    132    47     0     62    62
==========================================================================
110    2037    14     18     78    96
==========================================================================
110    126    45     0     65    65
==========================================================================
110    138    49     0     61    61
==========================================================================
111    2041    15     18     78    96
==========================================================================
111    275    106     0     5    5
==========================================================================
112    2278    109     0     3    3
==========================================================================
112    2043    16     18     78    96
==========================================================================
112    278    109     0     3    3
==========================================================================
113    2094    35     2     76    78
==========================================================================
113    2095    35     2     76    78
==========================================================================
113    2044    16     18     79    97
==========================================================================
113    83    31     0     82    82
==========================================================================
113    77    27     8     78    86
==========================================================================
113    129    46     0     67    67
==========================================================================
113    268    99     0     14    14
==========================================================================
114    2086    32     1     81    82
==========================================================================
114    86    32     46     36    82
==========================================================================
114    271    102     0     12    12
==========================================================================
115    2281    113     0     2    2
==========================================================================
115    2183    65     0     50    50
==========================================================================
115    2046    17     18     80    98
==========================================================================
115    80    28     9     78    87
==========================================================================
116    81    28     9     79    88
==========================================================================
116    117    42     0     74    74
==========================================================================
116    123    44     0     72    72
==========================================================================
116    114    41     0     75    75
==========================================================================
117    2102    38     3     76    79
==========================================================================
117    2020    8     29     80    109
==========================================================================
117    120    43     0     74    74
==========================================================================
118    281    113     0     5    5
==========================================================================
118    84    31     0     87    87
==========================================================================
118    283    116     0     2    2
==========================================================================
118    175    62     4     52    56
==========================================================================
120    2284    116     0     4    4
==========================================================================
121    2116    42     5     74    79
==========================================================================
121    2096    36     2     83    85
==========================================================================
121    284    116     0     5    5
==========================================================================
122    2192    68     0     54    54
==========================================================================
122    111    40     0     82    82
==========================================================================
124    2287    121     0     3    3
==========================================================================
124    2205    72     0     52    52
==========================================================================
124    274    106     0     18    18
==========================================================================
124    277    109     0     15    15
==========================================================================
125    2013    6     0     119    119
==========================================================================
126    2064    23     17     86    103
==========================================================================
127    174    61     4     62    66
==========================================================================
127    217    76     7     44    51
==========================================================================
127    102    37     0     90    90
==========================================================================
127    99    36     0     91    91
==========================================================================
128    2290    125     0     3    3
==========================================================================
128    158    56     27     45    72
==========================================================================
128    164    58     25     45    70
==========================================================================
128    105    38     0     90    90
==========================================================================
128    96    35     0     93    93
==========================================================================
128    90    33     0     95    95
==========================================================================
131    128    46     35     50    85
==========================================================================
132    2293    129     0     3    3
==========================================================================
132    195    68     5     59    64
==========================================================================
133    194    68     5     60    65
==========================================================================
133    177    62     4     67    71
==========================================================================
134    2093    35     2     97    99
==========================================================================
134    2011    5     0     129    129
==========================================================================
134    2174    62     19     53    72
==========================================================================
135    2035    13     19     103    122
==========================================================================
135    186    65     4     66    70
==========================================================================
135    110    40     40     55    95
==========================================================================
135    74    26     7     102    109
==========================================================================
136    2296    133     0     3    3
==========================================================================
136    125    45     36     55    91
==========================================================================
136    296    133     0     3    3
==========================================================================
136    93    34     0     102    102
==========================================================================
136    280    113     0     23    23
==========================================================================
137    140    50     32     55    87
==========================================================================
137    143    51     31     55    86
==========================================================================
138    2113    41     5     92    97
==========================================================================
138    2103    38     3     97    100
==========================================================================
138    2104    38     3     97    100
==========================================================================
138    2187    66     0     72    72
==========================================================================
138    155    55     28     55    83
==========================================================================
138    167    59     29     50    79
==========================================================================
139    2047    17     18     104    122
==========================================================================
139    92    34     50     55    105
==========================================================================
139    95    35     44     60    104
==========================================================================
139    98    36     43     60    103
==========================================================================
139    201    70     6     63    69
==========================================================================
139    172    61     4     74    78
==========================================================================
140    107    39     46     55    101
==========================================================================
140    113    41     39     60    99
==========================================================================
141    2115    42     5     94    99
==========================================================================
141    2299    137     0     4    4
==========================================================================
141    122    44     42     55    97
==========================================================================
141    134    48     33     60    93
==========================================================================
141    207    72     6     63    69
==========================================================================
142    301    142     0     142    0
==========================================================================
142    149    53     29     60    89
==========================================================================
143    2022    9     29     105    134
==========================================================================
144    291    125     0     19    19
==========================================================================
145    303    142     0     3    3
==========================================================================
146    2023    9     31     106    137
==========================================================================
146    104    38     41     67    108
==========================================================================
147    2302    142     0     5    5
==========================================================================
147    137    49     38     60    98
==========================================================================
147    181    64     5     78    83
==========================================================================
147    214    75     6     66    72
==========================================================================
148    2120    44     5     99    104
==========================================================================
148    2121    44     5     99    104
==========================================================================
148    2208    73     0     75    75
==========================================================================
148    161    57     26     65    91
==========================================================================
148    89    33     45     70    115
==========================================================================
148    101    37     42     69    111
==========================================================================
148    238    83     8     57    65
==========================================================================
149    119    43     37     69    106
==========================================================================
149    131    47     34     68    102
==========================================================================
149    146    52     30     67    97
==========================================================================
149    288    121     0     28    28
==========================================================================
149    215    75     6     68    74
==========================================================================
150    2084    32     1     117    118
==========================================================================
150    2300    142     0     8    8
==========================================================================
150    2067    24     17     109    126
==========================================================================
150    116    42     38     70    108
==========================================================================
150    240    83     8     59    67
==========================================================================
151    2099    37     7     107    114
==========================================================================
151    304    151     0     151    0
==========================================================================
151    152    54     39     58    97
==========================================================================
152    189    66     5     81    86
==========================================================================
152    203    71     6     75    81
==========================================================================
153    2109    40     4     109    113
==========================================================================
153    300    137     0     16    16
==========================================================================
153    306    151     0     2    2
==========================================================================
154    2305    151     0     3    3
==========================================================================
154    2031    12     33     109    142
==========================================================================
154    170    60     24     70    94
==========================================================================
154    204    71     6     77    83
==========================================================================
155    286    121     29     5    34
==========================================================================
155    193    68     5     82    87
==========================================================================
156    211    74     6     76    82
==========================================================================
156    232    81     7     68    75
==========================================================================
157    198    69     5     83    88
==========================================================================
158    196    69     5     84    89
==========================================================================
159    173    61     4     94    98
==========================================================================
160    216    75     14     71    85
==========================================================================
161    187    66     5     90    95
==========================================================================
162    237    82     7     73    80
==========================================================================
164    228    79     7     78    85
==========================================================================
164    190    67     5     92    97
==========================================================================
165    234    81     7     77    84
==========================================================================
166    231    80     6     80    86
==========================================================================
167    219    76     7     84    91
==========================================================================
168    220    77     6     85    91
==========================================================================
168    293    129     0     39    39
==========================================================================
169    2106    39     4     126    130
==========================================================================
170    202    71     6     93    99
==========================================================================
170    290    125     0     45    45
==========================================================================
172    2122    44     5     123    128
==========================================================================
172    226    79     16     77    93
==========================================================================
173    227    79     7     87    94
==========================================================================
175    2100    37     3     135    138
==========================================================================
175    264    91     22     62    84
==========================================================================
175    235    82     7     86    93
==========================================================================
177    246    85     8     84    92
==========================================================================
178    225    78     7     93    100
==========================================================================
179    250    87     9     83    92
==========================================================================
180    178    63     10     107    117
==========================================================================
180    199    70     13     97    110
==========================================================================
180    213    74     14     92    106
==========================================================================
181    263    91     10     80    90
==========================================================================
182    2148    53     9     120    129
==========================================================================
182    245    85     8     89    97
==========================================================================
183    2179    63     13     107    120
==========================================================================
183    2092    34     4     145    149
==========================================================================
183    262    91     10     82    92
==========================================================================
183    255    88     9     86    95
==========================================================================
184    208    73     6     105    111
==========================================================================
185    2130    47     7     131    138
==========================================================================
185    180    63     5     117    122
==========================================================================
186    2153    55     10     121    131
==========================================================================
186    2154    55     10     121    131
==========================================================================
186    236    82     7     97    104
==========================================================================
187    192    67     13     107    120
==========================================================================
187    222    77     15     95    110
==========================================================================
188    267    95     11     82    93
==========================================================================
189    253    88     9     92    101
==========================================================================
190    2303    151     0     39    39
==========================================================================
190    243    84     8     98    106
==========================================================================
190    254    88     9     93    102
==========================================================================
191    2107    39     4     148    152
==========================================================================
191    2049    18     18     155    173
==========================================================================
191    183    64     5     122    127
==========================================================================
191    223    78     7     106    113
==========================================================================
192    2052    19     18     155    173
==========================================================================
192    256    89     9     94    103
==========================================================================
193    2059    21     18     154    172
==========================================================================
193    308    189     0     4    4
==========================================================================
193    307    189     0     4    4
==========================================================================
193    261    90     10     93    103
==========================================================================
193    241    84     8     101    109
==========================================================================
194    2058    21     17     156    173
==========================================================================
194    311    190     0     4    4
==========================================================================
194    229    80     6     108    114
==========================================================================
194    210    73     23     98    121
==========================================================================
195    2140    50     8     137    145
==========================================================================
195    310    190     0     5    5
==========================================================================
195    259    90     10     95    105
==========================================================================
196    273    102     11     83    94
==========================================================================
197    2110    40     4     153    157
==========================================================================
198    270    99     11     88    99
==========================================================================
198    249    86     9     103    112
==========================================================================
199    244    85     8     106    114
==========================================================================
200    258    89     21     90    111
==========================================================================
201    276    106     21     74    95
==========================================================================
202    2111    41     4     157    161
==========================================================================
202    2112    41     11     150    161
==========================================================================
203    252    87     9     107    116
==========================================================================
203    282    113     11     79    90
==========================================================================
204    2128    46     16     142    158
==========================================================================
204    2147    53     9     142    151
==========================================================================
204    2218    76     18     110    128
==========================================================================
204    279    109     11     84    95
==========================================================================
205    2221    77     18     110    128
==========================================================================
205    2151    54     10     141    151
==========================================================================
205    302    142     11     52    63
==========================================================================
205    285    116     11     78    89
==========================================================================
206    2114    42     5     159    164
==========================================================================
206    247    86     9     111    120
==========================================================================
207    205    72     6     129    135
==========================================================================
208    305    151     25     32    57
==========================================================================
210    2191    67     15     128    143
==========================================================================
==========================================================================
BATTLE RESULT: Aliens WON!
==========================================================================
Total Earth Army Units (Destructed & Alive)
ES ET EG
139 96 74
% Healed to Total Earth Units: 0.0291262
Percentage Of Destructed Earth Units Relative To Their Total Specific Unit: ES ET EG
92.8058 100 100 
% Of TOTAL Destructed Earth Units relative to their TOTAL: 96.7638
Earth Average for DF, DB, DD (respectively): 6.8796 53.1338 46.2542
Earth DF/DB % 12.9477
Earth DD/DB % 87.0523
==========================================================================
==========================================================================
Total Alien Army Units (Destructed & Alive)
AS AM AD
169 33 110
Percentage Of Destructed Alien Units Relative To Their Total Specific Unit: AS AM AD
44.3787 100 33.6364 
% Of TOTAL Destructed Earth Units relative to their TOTAL: 46.9256
Alien Average for DF, DB, DD (respectively): 5.84828 62.269 56.4207
Alien DF/DB % 9.39196
Alien DD/DB % 90.608
