TD    ID    TJ    DF    DD    DB
2    1    1     0     1    1
==========================================================================
3    4    2     0     1    1
==========================================================================
3    2    1     0     2    2
==========================================================================
4    5    2     0     2    2
==========================================================================
4    7    3     0     1    1
==========================================================================
4    9    3     0     1    1
==========================================================================
4    6    2     1     1    2
==========================================================================
4    3    1     2     1    3
==========================================================================
5    10    4     0     1    1
==========================================================================
5    12    4     0     1    1
==========================================================================
10    8    3     0     7    7
==========================================================================
20    11    4     0     16    16
==========================================================================
39    15    39     0     0    0
==========================================================================
40    14    39     0     1    1
==========================================================================
41    21    41     0     0    0
==========================================================================
42    17    40     0     2    2
==========================================================================
42    24    42     0     0    0
==========================================================================
43    20    41     0     2    2
==========================================================================
43    27    43     0     0    0
==========================================================================
44    30    44     0     0    0
==========================================================================
45    33    45     0     0    0
==========================================================================
46    26    43     0     3    3
==========================================================================
46    36    46     0     0    0
==========================================================================
46    13    39     0     7    7
==========================================================================
46    16    40     0     6    6
==========================================================================
47    39    47     0     0    0
==========================================================================
47    19    41     0     6    6
==========================================================================
48    42    48     0     0    0
==========================================================================
48    28    44     0     4    4
==========================================================================
49    45    49     0     0    0
==========================================================================
50    48    50     0     0    0
==========================================================================
50    29    44     0     6    6
==========================================================================
51    31    45     0     6    6
==========================================================================
51    51    51     0     0    0
==========================================================================
51    25    43     0     8    8
==========================================================================
52    54    52     0     0    0
==========================================================================
53    2000    1     0     52    52
==========================================================================
53    38    47     2     4    6
==========================================================================
53    57    53     0     0    0
==========================================================================
54    60    54     0     0    0
==========================================================================
54    37    47     0     7    7
==========================================================================
55    63    55     0     0    0
==========================================================================
55    22    42     0     13    13
==========================================================================
56    66    56     0     0    0
==========================================================================
58    2006    3     0     55    55
==========================================================================
58    35    46     2     10    12
==========================================================================
58    46    50     1     7    8
==========================================================================
58    72    58     0     0    0
==========================================================================
58    40    48     1     9    10
==========================================================================
59    2008    3     2     54    56
==========================================================================
59    2004    2     0     57    57
==========================================================================
59    75    59     0     0    0
==========================================================================
59    23    42     0     17    17
==========================================================================
60    2011    4     1     55    56
==========================================================================
60    49    51     1     8    9
==========================================================================
61    43    49     1     11    12
==========================================================================
61    78    60     0     1    1
==========================================================================
61    81    61     0     0    0
==========================================================================
61    34    46     0     15    15
==========================================================================
62    84    62     0     0    0
==========================================================================
63    87    63     0     0    0
==========================================================================
64    2001    1     0     63    63
==========================================================================
64    56    53     1     10    11
==========================================================================
64    90    64     0     0    0
==========================================================================
64    50    51     1     12    13
==========================================================================
64    47    50     1     13    14
==========================================================================
65    53    52     1     12    13
==========================================================================
65    93    65     0     0    0
==========================================================================
66    2009    4     1     61    62
==========================================================================
66    44    49     1     16    17
==========================================================================
67    99    67     0     0    0
==========================================================================
67    32    45     0     22    22
==========================================================================
69    58    54     1     14    15
==========================================================================
70    55    53     1     16    17
==========================================================================
71    59    54     1     16    17
==========================================================================
73    41    48     1     24    25
==========================================================================
75    62    55     2     18    20
==========================================================================
77    52    52     1     24    25
==========================================================================
79    67    57     2     20    22
==========================================================================
88    73    59     2     27    29
==========================================================================
91    79    61     2     28    30
==========================================================================
91    68    57     2     32    34
==========================================================================
92    18    40     0     52    52
==========================================================================
93    89    64     4     25    29
==========================================================================
93    69    57     0     36    36
==========================================================================
93    96    66     0     27    27
==========================================================================
95    83    62     2     31    33
==========================================================================
96    77    60     2     34    36
==========================================================================
100    74    59     2     39    41
==========================================================================
102    64    56     2     44    46
==========================================================================
103    86    63     2     38    40
==========================================================================
103    94    66     8     29    37
==========================================================================
104    97    67     17     20    37
==========================================================================
105    88    64     21     20    41
==========================================================================
105    91    65     6     34    40
==========================================================================
106    76    60     2     44    46
==========================================================================
107    80    61     2     44    46
==========================================================================
107    61    55     7     45    52
==========================================================================
109    85    63     2     44    46
==========================================================================
109    92    65     6     38    44
==========================================================================
111    71    58     5     48    53
==========================================================================
==========================================================================
BATTLE RESULT: Aliens WON!
==========================================================================
Total Earth Army Units (Destructed & Alive)
ES ET EG
65 30 4
% Healed to Total Earth Units: 0
Percentage Of Destructed Earth Units Relative To Their Total Specific Unit: ES ET EG
92.3077 100 100 
% Of TOTAL Destructed Earth Units relative to their TOTAL: 94.9495
Earth Average for DF, DB, DD (respectively): 1.28723 13.883 12.5957
Earth DF/DB % 9.27203
Earth DD/DB % 90.728
==========================================================================
==========================================================================
Total Alien Army Units (Destructed & Alive)
AS AM AD
5 33 61
Percentage Of Destructed Alien Units Relative To Their Total Specific Unit: AS AM AD
100 6.06061 0 
% Of TOTAL Destructed Alien Units relative to their TOTAL: 7.07071
Alien Average for DF, DB, DD (respectively): 0.571429 57.2857 56.7143
Alien DF/DB % 0.997506
Alien DD/DB % 99.0025
