TD    ID    TJ    DF    DD    DB
42    2001    39     0     3    3
==========================================================================
43    1    39     0     4    4
==========================================================================
43    2    39     0     4    4
==========================================================================
46    2013    43     0     3    3
==========================================================================
47    14    43     0     4    4
==========================================================================
48    13    43     0     5    5
==========================================================================
50    2025    47     0     3    3
==========================================================================
51    2003    40     0     11    11
==========================================================================
51    25    47     0     4    4
==========================================================================
51    26    47     0     4    4
==========================================================================
52    2004    40     0     12    12
==========================================================================
54    2037    51     0     3    3
==========================================================================
55    38    51     0     4    4
==========================================================================
55    37    51     0     4    4
==========================================================================
58    2049    55     0     3    3
==========================================================================
58    51    55     0     3    3
==========================================================================
59    50    55     0     4    4
==========================================================================
59    49    55     0     4    4
==========================================================================
60    23    46     0     14    14
==========================================================================
61    29    48     0     13    13
==========================================================================
62    2061    59     0     3    3
==========================================================================
63    62    59     0     4    4
==========================================================================
64    61    59     0     5    5
==========================================================================
66    2073    63     0     3    3
==========================================================================
67    74    63     0     4    4
==========================================================================
67    73    63     0     4    4
==========================================================================
67    44    53     0     14    14
==========================================================================
69    7    41     0     28    28
==========================================================================
70    2085    67     0     3    3
==========================================================================
71    86    67     0     4    4
==========================================================================
71    85    67     0     4    4
==========================================================================
71    12    42     1     28    29
==========================================================================
73    6    40     0     33    33
==========================================================================
75    2015    44     1     30    31
==========================================================================
75    56    57     0     18    18
==========================================================================
76    2097    71     0     5    5
==========================================================================
76    98    71     0     5    5
==========================================================================
76    97    71     0     5    5
==========================================================================
77    9    41     0     36    36
==========================================================================
77    63    59     0     18    18
==========================================================================
78    2009    42     2     34    36
==========================================================================
79    4    40     0     39    39
==========================================================================
80    71    62     0     18    18
==========================================================================
80    39    51     0     29    29
==========================================================================
80    65    60     0     20    20
==========================================================================
81    2006    41     0     40    40
==========================================================================
81    100    77     0     4    4
==========================================================================
81    15    43     0     38    38
==========================================================================
83    2099    77     0     6    6
==========================================================================
84    2019    45     4     35    39
==========================================================================
85    80    65     0     20    20
==========================================================================
85    87    67     0     18    18
==========================================================================
85    89    68     0     17    17
==========================================================================
85    92    69     0     16    16
==========================================================================
85    95    70     0     15    15
==========================================================================
86    16    44     2     40    42
==========================================================================
86    99    71     0     15    15
==========================================================================
86    77    64     0     22    22
==========================================================================
86    75    63     0     23    23
==========================================================================
88    103    84     0     4    4
==========================================================================
88    83    66     0     22    22
==========================================================================
89    2027    48     2     39    41
==========================================================================
89    53    56     0     33    33
==========================================================================
89    47    54     0     35    35
==========================================================================
90    102    77     0     13    13
==========================================================================
90    101    77     0     13    13
==========================================================================
90    59    58     0     32    32
==========================================================================
90    68    61     0     29    29
==========================================================================
90    41    52     0     38    38
==========================================================================
92    19    45     1     46    47
==========================================================================
92    27    47     0     45    45
==========================================================================
94    17    44     0     50    50
==========================================================================
94    32    49     0     45    45
==========================================================================
94    35    50     0     44    44
==========================================================================
94    20    45     0     49    49
==========================================================================
94    5    40     0     54    54
==========================================================================
94    11    42     0     52    52
==========================================================================
94    3    39     0     55    55
==========================================================================
95    8    41     0     54    54
==========================================================================
101    2031    49     3     49    52
==========================================================================
101    10    42     3     56    59
==========================================================================
103    21    45     1     57    58
==========================================================================
104    105    84     0     20    20
==========================================================================
104    104    84     0     20    20
==========================================================================
105    2016    44     1     60    61
==========================================================================
106    2102    84     0     22    22
==========================================================================
109    106    104     0     5    5
==========================================================================
110    2040    52     3     55    58
==========================================================================
110    2051    56     4     50    54
==========================================================================
111    2018    45     1     65    66
==========================================================================
112    109    105     0     7    7
==========================================================================
113    2096    71     17     25    42
==========================================================================
113    112    106     0     7    7
==========================================================================
113    115    107     0     6    6
==========================================================================
114    31    49     2     63    65
==========================================================================
114    28    48     5     61    66
==========================================================================
115    2033    50     3     62    65
==========================================================================
115    118    108     0     7    7
==========================================================================
116    18    44     1     71    72
==========================================================================
117    121    109     0     8    8
==========================================================================
118    2021    46     2     70    72
==========================================================================
119    2092    69     0     50    50
==========================================================================
121    124    110     0     11    11
==========================================================================
122    127    111     0     11    11
==========================================================================
122    133    113     0     9    9
==========================================================================
122    130    112     0     10    10
==========================================================================
122    30    48     2     72    74
==========================================================================
123    2005    40     0     83    83
==========================================================================
124    136    114     0     10    10
==========================================================================
125    2065    60     0     65    65
==========================================================================
125    57    57     5     63    68
==========================================================================
127    139    115     0     12    12
==========================================================================
127    142    116     0     11    11
==========================================================================
128    145    117     0     11    11
==========================================================================
128    78    64     7     57    64
==========================================================================
128    48    54     4     70    74
==========================================================================
129    148    118     0     11    11
==========================================================================
130    2047    54     0     76    76
==========================================================================
130    22    46     1     83    84
==========================================================================
130    34    50     3     77    80
==========================================================================
131    2028    48     2     81    83
==========================================================================
131    2022    46     2     83    85
==========================================================================
131    151    119     0     12    12
==========================================================================
132    55    57     5     70    75
==========================================================================
132    43    53     3     76    79
==========================================================================
133    2039    52     3     78    81
==========================================================================
133    36    50     3     80    83
==========================================================================
133    90    68     14     51    65
==========================================================================
135    2080    65     0     70    70
==========================================================================
135    81    65     7     63    70
==========================================================================
135    58    58     5     72    77
==========================================================================
136    154    120     0     16    16
==========================================================================
137    24    46     4     87    91
==========================================================================
139    157    121     2     16    18
==========================================================================
139    163    123     0     16    16
==========================================================================
139    160    122     1     16    17
==========================================================================
139    70    62     6     71    77
==========================================================================
140    169    125     0     15    15
==========================================================================
141    166    124     0     17    17
==========================================================================
142    2059    58     0     84    84
==========================================================================
142    46    54     10     78    88
==========================================================================
142    45    53     3     86    89
==========================================================================
143    172    126     2     15    17
==========================================================================
144    175    127     1     16    17
==========================================================================
144    181    129     2     13    15
==========================================================================
145    67    61     6     78    84
==========================================================================
145    40    52     3     90    93
==========================================================================
146    2045    54     4     88    92
==========================================================================
146    2200    135     0     11    11
==========================================================================
146    187    131     1     14    15
==========================================================================
146    178    128     2     16    18
==========================================================================
146    184    130     2     14    16
==========================================================================
147    190    132     1     14    15
==========================================================================
147    196    134     1     12    13
==========================================================================
147    193    133     1     13    14
==========================================================================
147    199    135     1     11    12
==========================================================================
147    94    70     8     69    77
==========================================================================
148    93    69     8     71    79
==========================================================================
149    52    56     4     89    93
==========================================================================
150    2030    49     6     95    101
==========================================================================
150    66    60     21     69    90
==========================================================================
151    2044    53     0     98    98
==========================================================================
152    72    62     6     84    90
==========================================================================
152    69    61     6     85    91
==========================================================================
153    2053    56     0     97    97
==========================================================================
153    60    58     13     82    95
==========================================================================
157    2125    110     0     47    47
==========================================================================
157    91    69     8     80    88
==========================================================================
157    54    56     4     97    101
==========================================================================
157    64    60     5     92    97
==========================================================================
158    2035    50     0     108    108
==========================================================================
159    108    104     5     50    55
==========================================================================
159    107    104     0     55    55
==========================================================================
159    79    65     7     87    94
==========================================================================
160    2197    134     13     13    26
==========================================================================
160    84    66     7     87    94
==========================================================================
161    135    113     6     42    48
==========================================================================
161    117    107     6     48    54
==========================================================================
162    2057    58     5     99    104
==========================================================================
163    2046    54     4     105    109
==========================================================================
163    76    64     21     78    99
==========================================================================
164    2131    112     1     51    52
==========================================================================
164    165    123     6     35    41
==========================================================================
164    141    115     6     43    49
==========================================================================
165    2026    47     0     118    118
==========================================================================
165    123    109     6     50    56
==========================================================================
166    120    108     6     52    58
==========================================================================
167    2063    60     5     102    107
==========================================================================
168    150    118     7     43    50
==========================================================================
168    132    112     6     50    56
==========================================================================
168    177    127     6     35    41
==========================================================================
169    171    125     13     31    44
==========================================================================
170    138    114     6     50    56
==========================================================================
170    192    132     6     32    38
==========================================================================
171    2032    49     0     122    122
==========================================================================
171    156    120     7     44    51
==========================================================================
171    201    135     6     30    36
==========================================================================
172    88    68     7     97    104
==========================================================================
172    168    124     6     42    48
==========================================================================
172    186    130     6     36    42
==========================================================================
173    180    128     6     39    45
==========================================================================
173    162    122     13     38    51
==========================================================================
174    147    117     7     50    57
==========================================================================
175    111    105     6     64    70
==========================================================================
175    144    116     20     39    59
==========================================================================
176    198    134     6     36    42
==========================================================================
177    174    126     13     38    51
==========================================================================
178    96    70     8     100    108
==========================================================================
179    110    105     0     74    74
==========================================================================
179    33    49     6     124    130
==========================================================================
180    2116    107     1     72    73
==========================================================================
180    114    106     6     68    74
==========================================================================
181    2062    59     0     122    122
==========================================================================
181    42    52     3     126    129
==========================================================================
182    129    111     6     65    71
==========================================================================
183    2020    45     0     138    138
==========================================================================
184    153    119     7     58    65
==========================================================================
186    82    66     7     113    120
==========================================================================
187    113    106     0     81    81
==========================================================================
187    134    113     35     39    74
==========================================================================
188    126    110     6     72    78
==========================================================================
189    2185    130     35     24    59
==========================================================================
189    188    131     21     37    58
==========================================================================
190    140    115     33     42    75
==========================================================================
190    143    116     32     42    74
==========================================================================
190    146    117     31     42    73
==========================================================================
190    183    129     6     55    61
==========================================================================
191    182    129     20     42    62
==========================================================================
192    200    135     15     42    57
==========================================================================
192    119    108     39     45    84
==========================================================================
192    125    110     38     44    82
==========================================================================
192    131    112     36     44    80
==========================================================================
193    149    118     30     45    75
==========================================================================
193    155    120     31     42    73
==========================================================================
193    173    126     23     44    67
==========================================================================
193    176    127     22     44    66
==========================================================================
194    191    132     18     44    62
==========================================================================
194    194    133     17     44    61
==========================================================================
194    197    134     16     44    60
==========================================================================
194    122    109     41     44    85
==========================================================================
194    128    111     37     46    83
==========================================================================
194    137    114     34     46    80
==========================================================================
194    189    131     6     57    63
==========================================================================
195    167    124     25     46    71
==========================================================================
195    170    125     24     46    70
==========================================================================
195    185    130     19     46    65
==========================================================================
195    116    107     40     48    88
==========================================================================
195    152    119     29     47    76
==========================================================================
195    158    121     28     46    74
==========================================================================
195    164    123     26     46    72
==========================================================================
196    161    122     27     47    74
==========================================================================
196    179    128     21     47    68
==========================================================================
==========================================================================
BATTLE RESULT: Aliens WON!
==========================================================================
Total Earth Army Units (Destructed & Alive)
ES ET EG
80 37 84
% Healed to Total Earth Units: 0
Percentage Of Destructed Earth Units Relative To Their Total Specific Unit: ES ET EG
97.5 100 100 
% Of TOTAL Destructed Earth Units relative to their TOTAL: 99.005
Earth Average for DF, DB, DD (respectively): 6.52764 46.201 39.6734
Earth DF/DB % 14.1288
Earth DD/DB % 85.8712
==========================================================================
==========================================================================
Total Alien Army Units (Destructed & Alive)
AS AM AD
116 43 42
Percentage Of Destructed Alien Units Relative To Their Total Specific Unit: AS AM AD
18.9655 39.5349 33.3333 
% Of TOTAL Destructed Alien Units relative to their TOTAL: 26.3682
Alien Average for DF, DB, DD (respectively): 2.33962 56.566 54.2264
Alien DF/DB % 4.13609
Alien DD/DB % 95.8639
