TD    ID    TJ    DF    DD    DB
4    2000    1     0     3    3
==========================================================================
4    2001    1     0     3    3
==========================================================================
9    2005    5     0     4    4
==========================================================================
10    3    1     0     9    9
==========================================================================
17    4    5     0     12    12
==========================================================================
19    2    1     0     18    18
==========================================================================
24    6    5     0     19    19
==========================================================================
25    1    1     0     24    24
==========================================================================
26    5    5     0     21    21
==========================================================================
33    2004    5     0     28    28
==========================================================================
36    2007    33     0     3    3
==========================================================================
36    2008    33     0     3    3
==========================================================================
36    2003    5     28     3    31
==========================================================================
37    2010    34     0     3    3
==========================================================================
37    2009    34     0     3    3
==========================================================================
38    2013    35     0     3    3
==========================================================================
38    2002    1     32     5    37
==========================================================================
38    2006    33     0     5    5
==========================================================================
38    2012    35     0     3    3
==========================================================================
40    2016    36     0     4    4
==========================================================================
41    2019    37     0     4    4
==========================================================================
41    2021    38     0     3    3
==========================================================================
42    2022    38     0     4    4
==========================================================================
42    2011    34     0     8    8
==========================================================================
42    2024    39     0     3    3
==========================================================================
43    2025    39     0     4    4
==========================================================================
43    2018    37     0     6    6
==========================================================================
43    2015    36     0     7    7
==========================================================================
43    2027    40     0     3    3
==========================================================================
44    2028    40     0     4    4
==========================================================================
44    8    33     0     11    11
==========================================================================
45    2031    41     0     4    4
==========================================================================
46    2036    43     0     3    3
==========================================================================
47    2034    42     0     5    5
==========================================================================
48    2037    43     0     5    5
==========================================================================
48    2033    42     0     6    6
==========================================================================
48    2014    35     0     13    13
==========================================================================
48    2030    41     0     7    7
==========================================================================
49    2043    45     0     4    4
==========================================================================
49    2040    44     0     5    5
==========================================================================
49    2039    44     0     5    5
==========================================================================
49    2042    45     0     4    4
==========================================================================
50    2046    46     0     4    4
==========================================================================
50    2035    42     0     8    8
==========================================================================
51    18    36     0     15    15
==========================================================================
52    2049    47     1     4    5
==========================================================================
52    2048    47     0     5    5
==========================================================================
52    2045    46     0     6    6
==========================================================================
52    14    35     0     17    17
==========================================================================
52    11    34     0     18    18
==========================================================================
52    9    33     0     19    19
==========================================================================
53    2052    48     1     4    5
==========================================================================
54    2055    49     1     4    5
==========================================================================
54    2058    50     0     4    4
==========================================================================
54    2057    50     0     4    4
==========================================================================
55    2061    51     0     4    4
==========================================================================
55    2063    52     0     3    3
==========================================================================
55    27    39     0     16    16
==========================================================================
56    2020    37     7     12    19
==========================================================================
56    2051    48     0     8    8
==========================================================================
57    2064    52     1     4    5
==========================================================================
58    2070    54     1     3    4
==========================================================================
58    2073    55     0     3    3
==========================================================================
58    2067    53     1     4    5
==========================================================================
58    2054    49     0     9    9
==========================================================================
58    2066    53     0     5    5
==========================================================================
59    2076    56     0     3    3
==========================================================================
59    2060    51     0     8    8
==========================================================================
59    17    36     0     23    23
==========================================================================
59    30    40     0     19    19
==========================================================================
59    24    38     0     21    21
==========================================================================
61    2069    54     0     7    7
==========================================================================
61    2081    58     0     3    3
==========================================================================
61    21    37     0     24    24
==========================================================================
62    2072    55     0     7    7
==========================================================================
63    2079    57     1     5    6
==========================================================================
63    2075    56     0     7    7
==========================================================================
64    2082    58     1     5    6
==========================================================================
64    2085    59     0     5    5
==========================================================================
64    2090    61     0     3    3
==========================================================================
64    12    34     0     30    30
==========================================================================
65    2017    36     1     28    29
==========================================================================
65    2078    57     0     8    8
==========================================================================
65    2084    59     0     6    6
==========================================================================
66    2088    60     0     6    6
==========================================================================
66    2091    61     0     5    5
==========================================================================
66    2087    60     0     6    6
==========================================================================
66    15    35     0     31    31
==========================================================================
67    2059    50     1     16    17
==========================================================================
67    2096    63     0     4    4
==========================================================================
67    2093    62     0     5    5
==========================================================================
69    2074    55     2     12    14
==========================================================================
69    2053    48     1     20    21
==========================================================================
70    2097    63     1     6    7
==========================================================================
70    2099    64     0     6    6
==========================================================================
70    36    42     1     27    28
==========================================================================
71    2098    63     2     6    8
==========================================================================
71    2065    52     3     16    19
==========================================================================
72    2094    62     3     7    10
==========================================================================
72    2100    64     1     7    8
==========================================================================
73    2056    49     2     22    24
==========================================================================
73    42    44     1     28    29
==========================================================================
75    2029    40     10     25    35
==========================================================================
76    2095    62     6     8    14
==========================================================================
76    45    45     1     30    31
==========================================================================
77    2092    61     9     7    16
==========================================================================
80    57    49     1     30    31
==========================================================================
81    2101    64     9     8    17
==========================================================================
81    2038    43     0     38    38
==========================================================================
81    2050    47     0     34    34
==========================================================================
82    2071    54     6     22    28
==========================================================================
82    54    48     1     33    34
==========================================================================
83    2089    60     16     7    23
==========================================================================
84    2077    56     1     27    28
==========================================================================
85    2068    53     0     32    32
==========================================================================
85    51    47     1     37    38
==========================================================================
86    2080    57     6     23    29
==========================================================================
87    2062    51     12     24    36
==========================================================================
87    2047    46     9     32    41
==========================================================================
87    66    52     1     34    35
==========================================================================
89    2044    45     2     42    44
==========================================================================
89    2032    41     2     46    48
==========================================================================
90    2023    38     3     49    52
==========================================================================
90    2041    44     33     13    46
==========================================================================
91    2086    59     2     30    32
==========================================================================
91    60    50     1     40    41
==========================================================================
92    2083    58     29     5    34
==========================================================================
92    2026    39     0     53    53
==========================================================================
==========================================================================
BATTLE RESULT: Earth WON!
==========================================================================
Total Earth Army Units (Destructed & Alive)
ES ET EG
35 3 64
% Healed to Total Earth Units: 0
Percentage Of Destructed Earth Units Relative To Their Total Specific Unit: ES ET EG
54.2857 100 6.25 
% Of TOTAL Destructed Earth Units relative to their TOTAL: 25.4902
Earth Average for DF, DB, DD (respectively): 0.307692 23.6154 23.3077
Earth DF/DB % 1.30293
Earth DD/DB % 98.6971
==========================================================================
==========================================================================
Total Alien Army Units (Destructed & Alive)
AS AM AD
34 34 34
Percentage Of Destructed Alien Units Relative To Their Total Specific Unit: AS AM AD
100 100 100 
% Of TOTAL Destructed Earth Units relative to their TOTAL: 100
Alien Average for DF, DB, DD (respectively): 2.42157 12.6373 10.2157
Alien DF/DB % 19.1621
Alien DD/DB % 80.8379
