TD    ID    TJ    DF    DD    DB
3    2002    2     0     1    1
==========================================================================
3    2001    2     0     1    1
==========================================================================
4    2000    2     0     2    2
==========================================================================
5    2007    4     0     1    1
==========================================================================
6    2005    3     0     3    3
==========================================================================
6    2006    4     0     2    2
==========================================================================
7    2010    6     0     1    1
==========================================================================
8    2009    6     0     2    2
==========================================================================
9    2013    8     0     1    1
==========================================================================
9    2004    3     0     6    6
==========================================================================
10    2012    8     0     2    2
==========================================================================
12    2015    10     0     2    2
==========================================================================
12    2016    10     0     2    2
==========================================================================
14    3    2     1     11    12
==========================================================================
15    2018    13     0     2    2
==========================================================================
15    2011    6     0     9    9
==========================================================================
15    2008    4     0     11    11
==========================================================================
16    2019    13     0     3    3
==========================================================================
16    2003    3     5     8    13
==========================================================================
16    2014    8     0     8    8
==========================================================================
17    2017    10     0     7    7
==========================================================================
18    2022    17     0     1    1
==========================================================================
18    2020    13     0     5    5
==========================================================================
19    2021    17     0     2    2
==========================================================================
20    2025    19     0     1    1
==========================================================================
20    2023    17     0     3    3
==========================================================================
21    2024    19     0     2    2
==========================================================================
22    2026    19     0     3    3
==========================================================================
23    2027    21     0     2    2
==========================================================================
23    2028    21     0     2    2
==========================================================================
24    2029    21     0     3    3
==========================================================================
25    2031    24     0     1    1
==========================================================================
26    2030    24     0     2    2
==========================================================================
27    2034    26     0     1    1
==========================================================================
27    2032    24     0     3    3
==========================================================================
28    2033    26     0     2    2
==========================================================================
29    2036    28     0     1    1
==========================================================================
29    2035    26     0     3    3
==========================================================================
30    2038    28     0     2    2
==========================================================================
31    2037    28     0     3    3
==========================================================================
31    2039    30     0     1    1
==========================================================================
32    2041    30     0     2    2
==========================================================================
33    2040    30     0     3    3
==========================================================================
33    2042    32     0     1    1
==========================================================================
35    2043    32     0     3    3
==========================================================================
35    2045    34     0     1    1
==========================================================================
35    2044    32     0     3    3
==========================================================================
36    2047    34     0     2    2
==========================================================================
37    2046    34     0     3    3
==========================================================================
37    2048    36     0     1    1
==========================================================================
38    2050    36     0     2    2
==========================================================================
39    2049    36     0     3    3
==========================================================================
39    2051    38     0     1    1
==========================================================================
40    2052    38     0     2    2
==========================================================================
41    2054    40     0     1    1
==========================================================================
41    2053    38     0     3    3
==========================================================================
42    2056    40     0     2    2
==========================================================================
43    2055    40     0     3    3
==========================================================================
43    2057    42     0     1    1
==========================================================================
44    2059    42     0     2    2
==========================================================================
45    2058    42     0     3    3
==========================================================================
45    2060    44     0     1    1
==========================================================================
47    2061    44     0     3    3
==========================================================================
47    2063    46     0     1    1
==========================================================================
47    2062    44     0     3    3
==========================================================================
48    2064    46     0     2    2
==========================================================================
48    2065    46     0     2    2
==========================================================================
49    2066    48     0     1    1
==========================================================================
50    2068    48     0     2    2
==========================================================================
51    2067    48     0     3    3
==========================================================================
51    2069    50     0     1    1
==========================================================================
52    2070    50     0     2    2
==========================================================================
53    2072    52     0     1    1
==========================================================================
53    2071    50     0     3    3
==========================================================================
54    2074    52     0     2    2
==========================================================================
55    2073    52     0     3    3
==========================================================================
55    2075    54     0     1    1
==========================================================================
56    2076    54     0     2    2
==========================================================================
56    2077    54     0     2    2
==========================================================================
57    2078    56     0     1    1
==========================================================================
59    2079    56     0     3    3
==========================================================================
59    2081    58     0     1    1
==========================================================================
59    2080    56     0     3    3
==========================================================================
60    2082    58     0     2    2
==========================================================================
60    2083    58     0     2    2
==========================================================================
62    2084    60     0     2    2
==========================================================================
63    2087    61     0     2    2
==========================================================================
64    2085    60     0     4    4
==========================================================================
64    2090    62     0     2    2
==========================================================================
65    2093    63     0     2    2
==========================================================================
66    2096    64     0     2    2
==========================================================================
67    2091    62     1     4    5
==========================================================================
67    2099    65     0     2    2
==========================================================================
68    2102    66     0     2    2
==========================================================================
69    2086    60     1     8    9
==========================================================================
69    2105    67     0     2    2
==========================================================================
70    2108    68     0     2    2
==========================================================================
71    2111    69     0     2    2
==========================================================================
72    2092    62     1     9    10
==========================================================================
72    2114    70     0     2    2
==========================================================================
73    2117    71     0     2    2
==========================================================================
74    2088    61     3     10    13
==========================================================================
74    2120    72     0     2    2
==========================================================================
75    2100    65     2     8    10
==========================================================================
75    2123    73     0     2    2
==========================================================================
76    2095    63     2     11    13
==========================================================================
76    2089    61     1     14    15
==========================================================================
76    2126    74     0     2    2
==========================================================================
77    2104    66     2     9    11
==========================================================================
77    2129    75     0     2    2
==========================================================================
78    2132    76     0     2    2
==========================================================================
79    2135    77     0     2    2
==========================================================================
80    2138    78     0     2    2
==========================================================================
81    2109    68     4     9    13
==========================================================================
81    2142    79     0     2    2
==========================================================================
82    2103    66     2     14    16
==========================================================================
82    2097    64     2     16    18
==========================================================================
82    2145    80     0     2    2
==========================================================================
83    2098    64     2     17    19
==========================================================================
83    2148    81     0     2    2
==========================================================================
84    2151    82     0     2    2
==========================================================================
86    2107    67     3     16    19
==========================================================================
86    2094    63     4     19    23
==========================================================================
86    2154    83     0     3    3
==========================================================================
86    2157    84     0     2    2
==========================================================================
87    2101    65     2     20    22
==========================================================================
87    2160    85     0     2    2
==========================================================================
88    2122    72     4     12    16
==========================================================================
88    2163    86     0     2    2
==========================================================================
89    2166    87     0     2    2
==========================================================================
91    2113    69     4     18    22
==========================================================================
91    2169    88     0     3    3
==========================================================================
92    2172    89     0     3    3
==========================================================================
92    2175    90     0     2    2
==========================================================================
93    2116    70     4     19    23
==========================================================================
94    2130    75     4     15    19
==========================================================================
94    2131    75     4     15    19
==========================================================================
94    2181    92     0     2    2
==========================================================================
94    2178    91     0     3    3
==========================================================================
95    2186    94     0     1    1
==========================================================================
95    2184    93     0     2    2
==========================================================================
97    2110    68     4     25    29
==========================================================================
97    2192    96     0     1    1
==========================================================================
97    2191    95     0     2    2
==========================================================================
99    2198    98     0     1    1
==========================================================================
100    2125    73     4     23    27
==========================================================================
100    2112    69     4     27    31
==========================================================================
100    2197    97     0     3    3
==========================================================================
100    2190    95     0     5    5
==========================================================================
100    2196    97     1     2    3
==========================================================================
101    2204    100     0     1    1
==========================================================================
101    2203    99     0     2    2
==========================================================================
102    2140    78     6     18    24
==========================================================================
102    2202    99     1     2    3
==========================================================================
103    2210    102     0     1    1
==========================================================================
103    2208    101     0     2    2
==========================================================================
104    2115    70     4     30    34
==========================================================================
104    2141    79     6     19    25
==========================================================================
104    2209    101     0     3    3
==========================================================================
105    2118    71     8     26    34
==========================================================================
105    2216    104     0     1    1
==========================================================================
105    2214    103     0     2    2
==========================================================================
106    2215    103     0     3    3
==========================================================================
107    2144    80     7     20    27
==========================================================================
107    2146    80     7     20    27
==========================================================================
107    2220    105     0     2    2
==========================================================================
108    2134    76     4     28    32
==========================================================================
108    2121    72     4     32    36
==========================================================================
108    2221    105     0     3    3
==========================================================================
111    2136    77     5     29    34
==========================================================================
113    2155    83     8     22    30
==========================================================================
114    2156    84     7     23    30
==========================================================================
114    2158    84     7     23    30
==========================================================================
114    2106    67     11     36    47
==========================================================================
115    2127    74     4     37    41
==========================================================================
115    2128    74     4     37    41
==========================================================================
117    2164    86     7     24    31
==========================================================================
118    2167    87     8     23    31
==========================================================================
118    2133    76     4     38    42
==========================================================================
121    2137    77     5     39    44
==========================================================================
122    2176    90     9     23    32
==========================================================================
122    2124    73     4     45    49
==========================================================================
123    2179    91     10     22    32
==========================================================================
123    2180    92     10     21    31
==========================================================================
124    2159    85     7     32    39
==========================================================================
125    2185    93     11     21    32
==========================================================================
125    2143    79     14     32    46
==========================================================================
125    2162    86     7     32    39
==========================================================================
126    2119    71     4     51    55
==========================================================================
127    2147    81     15     31    46
==========================================================================
127    2170    88     8     31    39
==========================================================================
128    2199    98     12     18    30
==========================================================================
128    2150    82     7     39    46
==========================================================================
129    2201    99     12     18    30
==========================================================================
129    2205    100     12     17    29
==========================================================================
129    2153    83     17     29    46
==========================================================================
130    2207    101     12     17    29
==========================================================================
130    2139    78     13     39    52
==========================================================================
130    2211    102     12     16    28
==========================================================================
130    2212    102     12     16    28
==========================================================================
130    2213    103     12     15    27
==========================================================================
131    2183    93     11     27    38
==========================================================================
132    2188    94     12     26    38
==========================================================================
134    2149    81     7     46    53
==========================================================================
134    2195    97     12     25    37
==========================================================================
134    2171    89     8     37    45
==========================================================================
135    2200    98     12     25    37
==========================================================================
135    2152    82     7     46    53
==========================================================================
135    2174    90     9     36    45
==========================================================================
136    2182    92     10     34    44
==========================================================================
137    2219    105     12     20    32
==========================================================================
138    2165    87     8     43    51
==========================================================================
138    2193    96     22     20    42
==========================================================================
138    2194    96     13     29    42
==========================================================================
138    2168    88     8     42    50
==========================================================================
138    2173    89     21     28    49
==========================================================================
139    2161    85     30     24    54
==========================================================================
139    2218    104     12     23    35
==========================================================================
139    2187    94     23     22    45
==========================================================================
139    2189    95     11     33    44
==========================================================================
140    2206    100     12     28    40
==========================================================================
141    2217    104     27     10    37
==========================================================================
142    2177    91     45     6    51
==========================================================================
==========================================================================
BATTLE RESULT: Earth WON!
==========================================================================
Total Earth Army Units (Destructed & Alive)
ES ET EG
65 96 51
% Healed to Total Earth Units: 0.00943396
Percentage Of Destructed Earth Units Relative To Their Total Specific Unit: ES ET EG
0 0 1.96078 
% Of TOTAL Destructed Earth Units relative to their TOTAL: 0.471698
Earth Average for DF, DB, DD (respectively): 1 12 11
Earth DF/DB % 8.33333
Earth DD/DB % 91.6667
==========================================================================
==========================================================================
Total Alien Army Units (Destructed & Alive)
AS AM AD
113 34 75
Percentage Of Destructed Alien Units Relative To Their Total Specific Unit: AS AM AD
100 100 100 
% Of TOTAL Destructed Earth Units relative to their TOTAL: 104.717
Alien Average for DF, DB, DD (respectively): 3.32883 14.0315 10.7027
Alien DF/DB % 23.7239
Alien DD/DB % 76.2761
